119
_1_type0_   0.0000000 0.0056252 0.0121025 0.0328802 0.0253491 0.0278442 0.0320794 0.0295484 0.0397363 0.0328989 0.0329581 0.0397856 0.0389126 0.0354004 0.0295139 0.0344965 0.0404406 0.0438842 0.0456146 0.0648760 0.0525640 0.0472954 0.0577854 0.0596698 0.0597781 0.0501345 0.0630865 0.0596707 0.0676374 0.0526925 0.0465540 0.0595969 0.0561558 0.0606177 0.0527248 0.0694429 0.0439123 0.0508118 0.0543550 0.0543893 0.0526923 0.0517963 0.0605393 0.0578908 0.0534580 0.0587252 0.0587969 0.0605026 0.0552531 0.0551542 0.0525967 0.0569535 0.0560867 0.0534907 0.0517021 0.0604673 0.0605038 0.0552204 0.0500127 0.0543230 0.0464972 0.0473809 0.0632407 0.0440181 0.0526929 0.0561910 0.0552891 0.0535244 0.0613025 0.0552197 0.0526593 0.0464972 0.0604304 0.0560186 0.0533933 0.0560866 0.0482369 0.0543221 0.0587611 0.0613789 0.0614156 0.0666744 0.0613033 0.0702432 0.0648782 0.0666755 0.0578568 0.0648354 0.0517649 0.0588687 0.0586908 0.0568862 0.0542568 0.0568858 0.0639635 0.0639625 0.0586922 0.0586200 0.0640819 0.0525012 0.0603202 0.0490357 0.0642384 0.0596338 0.0560881 0.0594516 0.0524698 0.0586909 0.0525634 0.0534580 0.0587258 0.0560537 0.0533952 0.0595980 0.0552221 0.0534269 0.0648376 0.0622915 0.0596709 
_2_type0_   0.0056252 0.0000000 0.0112964 0.0320605 0.0245340 0.0270281 0.0312591 0.0287296 0.0389113 0.0320787 0.0321364 0.0389596 0.0380875 0.0345796 0.0286961 0.0336774 0.0396182 0.0430594 0.0447885 0.0640384 0.0517335 0.0464691 0.0569523 0.0588339 0.0589406 0.0493026 0.0622501 0.0588347 0.0667972 0.0518600 0.0457260 0.0587620 0.0553219 0.0597803 0.0518918 0.0686014 0.0430869 0.0499825 0.0535228 0.0535566 0.0518598 0.0509647 0.0597030 0.0570562 0.0526267 0.0578907 0.0579614 0.0596669 0.0544200 0.0543227 0.0517657 0.0561202 0.0552538 0.0526588 0.0508721 0.0596320 0.0596681 0.0543878 0.0491828 0.0534913 0.0456703 0.0465531 0.0624023 0.0431907 0.0518604 0.0553565 0.0544555 0.0526920 0.0604674 0.0543872 0.0518274 0.0456703 0.0595957 0.0551867 0.0525630 0.0552536 0.0474088 0.0534904 0.0579261 0.0605427 0.0605790 0.0658355 0.0604682 0.0694024 0.0640406 0.0658366 0.0570227 0.0639984 0.0509338 0.0580322 0.0578568 0.0560539 0.0534261 0.0560535 0.0631267 0.0631258 0.0578582 0.0577870 0.0632436 0.0516717 0.0594870 0.0482081 0.0633980 0.0587984 0.0552551 0.0586188 0.0516409 0.0578569 0.0517329 0.0526267 0.0578913 0.0552213 0.0525649 0.0587630 0.0543895 0.0525961 0.0640005 0.0614544 0.0588350 
_3_type0_   0.0121025 0.0112964 0.0000000 0.0320606 0.0245340 0.0270281 0.0312592 0.0287297 0.0389114 0.0320788 0.0321365 0.0389597 0.0380876 0.0345797 0.0286962 0.0336775 0.0396183 0.0430595 0.0447887 0.0640387 0.0517337 0.0464692 0.0569525 0.0588341 0.0589408 0.0493027 0.0622504 0.0588349 0.0667974 0.0518601 0.0457262 0.0587622 0.0553221 0.0597805 0.0518920 0.0686016 0.0430871 0.0499827 0.0535229 0.0535567 0.0518599 0.0509649 0.0597033 0.0570563 0.0526268 0.0578909 0.0579616 0.0596671 0.0544202 0.0543228 0.0517659 0.0561204 0.0552540 0.0526590 0.0508722 0.0596323 0.0596683 0.0543880 0.0491830 0.0534915 0.0456704 0.0465532 0.0624025 0.0431908 0.0518606 0.0553567 0.0544556 0.0526922 0.0604676 0.0543873 0.0518275 0.0456704 0.0595959 0.0551868 0.0525632 0.0552538 0.0474089 0.0534906 0.0579263 0.0605429 0.0605792 0.0658358 0.0604684 0.0694026 0.0640409 0.0658369 0.0570229 0.0639986 0.0509340 0.0580324 0.0578570 0.0560541 0.0534263 0.0560537 0.0631269 0.0631260 0.0578584 0.0577872 0.0632439 0.0516719 0.0594872 0.0482083 0.0633982 0.0587986 0.0552553 0.0586190 0.0516410 0.0578571 0.0517331 0.0526269 0.0578915 0.0552214 0.0525650 0.0587632 0.0543897 0.0525962 0.0640007 0.0614547 0.0588352 
_4_type0_   0.0328802 0.0320605 0.0320606 0.0000000 0.0088575 0.0161961 0.0203322 0.0178546 0.0278270 0.0211436 0.0228335 0.0295311 0.0286777 0.0252596 0.0194752 0.0260722 0.0319270 0.0361548 0.0378592 0.0559835 0.0438586 0.0386803 0.0490047 0.0508426 0.0509339 0.0414361 0.0542234 0.0525652 0.0604316 0.0439647 0.0379290 0.0507811 0.0473813 0.0517669 0.0439914 0.0604667 0.0353370 0.0421350 0.0456153 0.0456438 0.0439646 0.0430860 0.0517007 0.0490931 0.0447356 0.0499213 0.0499817 0.0516697 0.0464963 0.0464139 0.0438856 0.0490346 0.0473236 0.0447626 0.0430084 0.0516398 0.0516707 0.0464690 0.0413365 0.0455887 0.0378824 0.0387500 0.0543546 0.0354219 0.0439651 0.0474107 0.0465262 0.0447905 0.0524688 0.0464684 0.0439373 0.0378823 0.0516086 0.0472667 0.0446820 0.0473235 0.0395947 0.0455880 0.0499516 0.0525335 0.0525646 0.0577518 0.0524695 0.0612664 0.0559854 0.0577528 0.0490646 0.0559488 0.0430601 0.0500421 0.0498924 0.0481224 0.0455337 0.0481220 0.0550882 0.0550874 0.0498936 0.0498328 0.0551892 0.0438058 0.0515154 0.0403920 0.0553226 0.0508122 0.0473247 0.0506586 0.0437801 0.0498925 0.0438581 0.0447356 0.0499219 0.0472960 0.0446836 0.0507820 0.0464704 0.0447098 0.0559507 0.0534284 0.0508435 
_5_type0_   0.0253491 0.0245340 0.0245340 0.0088575 0.0000000 0.0088624 0.0129459 0.0104965 0.0203554 0.0137539 0.0154145 0.0220329 0.0211934 0.0178341 0.0121098 0.0186432 0.0244325 0.0286106 0.0302940 0.0482078 0.0362208 0.0311112 0.0413118 0.0431132 0.0431901 0.0337998 0.0464696 0.0448186 0.0525974 0.0363079 0.0303494 0.0430614 0.0396907 0.0440190 0.0363298 0.0526278 0.0277961 0.0345177 0.0379513 0.0379749 0.0363078 0.0354425 0.0439631 0.0413858 0.0370848 0.0422103 0.0422611 0.0439369 0.0388192 0.0387508 0.0362430 0.0413369 0.0396427 0.0371071 0.0353791 0.0439117 0.0439378 0.0387966 0.0337191 0.0379294 0.0303124 0.0311660 0.0465813 0.0278624 0.0363082 0.0397151 0.0388440 0.0371301 0.0447369 0.0387961 0.0362854 0.0303124 0.0438853 0.0395953 0.0370398 0.0396426 0.0320024 0.0379287 0.0422357 0.0447917 0.0448180 0.0499536 0.0447375 0.0534285 0.0482094 0.0499545 0.0413619 0.0481781 0.0354213 0.0423117 0.0421861 0.0404424 0.0378830 0.0404420 0.0473256 0.0473249 0.0421870 0.0421360 0.0474117 0.0361776 0.0438058 0.0328018 0.0475255 0.0430876 0.0396436 0.0429573 0.0361566 0.0421861 0.0362204 0.0370848 0.0422108 0.0396197 0.0370411 0.0430621 0.0387977 0.0370636 0.0481797 0.0456731 0.0431139 
_6_type0_   0.0278442 0.0270281 0.0270281 0.0161961 0.0088624 0.0000000 0.0153962 0.0129380 0.0228323 0.0162051 0.0178751 0.0245178 0.0236743 0.0202963 0.0145534 0.0211064 0.0269161 0.0311097 0.0327997 0.0507790 0.0387491 0.0336180 0.0438572 0.0456702 0.0457518 0.0363281 0.0490340 0.0473810 0.0551870 0.0388425 0.0328598 0.0456153 0.0422357 0.0465819 0.0388659 0.0552189 0.0302943 0.0370393 0.0404879 0.0405131 0.0388423 0.0379728 0.0465227 0.0439359 0.0396172 0.0447615 0.0448154 0.0464949 0.0413599 0.0412869 0.0387729 0.0438839 0.0421845 0.0396411 0.0379048 0.0464682 0.0464958 0.0413358 0.0362412 0.0404644 0.0328197 0.0336774 0.0491521 0.0303667 0.0388428 0.0422617 0.0413864 0.0396657 0.0472944 0.0413352 0.0388184 0.0328197 0.0464402 0.0421340 0.0395691 0.0421844 0.0345163 0.0404638 0.0447885 0.0473525 0.0473804 0.0525319 0.0472951 0.0560191 0.0507807 0.0525328 0.0439105 0.0507477 0.0379501 0.0448693 0.0447357 0.0429837 0.0404150 0.0429834 0.0498927 0.0498919 0.0447368 0.0446825 0.0499837 0.0387029 0.0463559 0.0353152 0.0501039 0.0456431 0.0421855 0.0455048 0.0386803 0.0447358 0.0387487 0.0396172 0.0447620 0.0421600 0.0395705 0.0456160 0.0413370 0.0395945 0.0507494 0.0482381 0.0456710 
_7_type0_   0.0320794 0.0312591 0.0312592 0.0203322 0.0129459 0.0153962 0.0000000 0.0137617 0.0236739 0.0170341 0.0220321 0.0287298 0.0278776 0.0244606 0.0186758 0.0252738 0.0311286 0.0353561 0.0370615 0.0551854 0.0430598 0.0378821 0.0482066 0.0500429 0.0501328 0.0406346 0.0534254 0.0517659 0.0596330 0.0431641 0.0371292 0.0499823 0.0465814 0.0509664 0.0431904 0.0596676 0.0345387 0.0413364 0.0448160 0.0448440 0.0431640 0.0422857 0.0509012 0.0482936 0.0439365 0.0491224 0.0491819 0.0508706 0.0456966 0.0456156 0.0430864 0.0482360 0.0465246 0.0439632 0.0422095 0.0508412 0.0508716 0.0456699 0.0405368 0.0447899 0.0370843 0.0379508 0.0535547 0.0346211 0.0431645 0.0466103 0.0457261 0.0439906 0.0516708 0.0456693 0.0431372 0.0370843 0.0508105 0.0464686 0.0438839 0.0465245 0.0387956 0.0447891 0.0491522 0.0517346 0.0517653 0.0569535 0.0516715 0.0604684 0.0551872 0.0569545 0.0482655 0.0551511 0.0422603 0.0492413 0.0490940 0.0473245 0.0447358 0.0473241 0.0542903 0.0542895 0.0490951 0.0490353 0.0543899 0.0430089 0.0507187 0.0395947 0.0545214 0.0500130 0.0465257 0.0498617 0.0429835 0.0490940 0.0430594 0.0439366 0.0491229 0.0464975 0.0438854 0.0499832 0.0456712 0.0439112 0.0551530 0.0526292 0.0500438 
_8_type0_   0.0295484 0.0287296 0.0287297 0.0178546 0.0104965 0.0129380 0.0137617 0.0000000 0.0113091 0.0048162 0.0195427 0.0262111 0.0253636 0.0219680 0.0162056 0.0227797 0.0286101 0.0328193 0.0345157 0.0525622 0.0404882 0.0353358 0.0456142 0.0474375 0.0475224 0.0380643 0.0508103 0.0491539 0.0569882 0.0405860 0.0345795 0.0473802 0.0439905 0.0483543 0.0406106 0.0570213 0.0320022 0.0387726 0.0422347 0.0422611 0.0405858 0.0397124 0.0482926 0.0456963 0.0413601 0.0465236 0.0465798 0.0482637 0.0431106 0.0430344 0.0405131 0.0456420 0.0439370 0.0413851 0.0396411 0.0482359 0.0482647 0.0430854 0.0379730 0.0413610 0.0345379 0.0353996 0.0509330 0.0320792 0.0405863 0.0440176 0.0431383 0.0414109 0.0490639 0.0430849 0.0405607 0.0345378 0.0482068 0.0438842 0.0413107 0.0439369 0.0362413 0.0422095 0.0465517 0.0491243 0.0491533 0.0543221 0.0490646 0.0578221 0.0525640 0.0543230 0.0456698 0.0525297 0.0396886 0.0466359 0.0464967 0.0447369 0.0421594 0.0447365 0.0516720 0.0516712 0.0464978 0.0464413 0.0517664 0.0404404 0.0481200 0.0370395 0.0518913 0.0474092 0.0439380 0.0472661 0.0404157 0.0464968 0.0404877 0.0413601 0.0465241 0.0439114 0.0413122 0.0473810 0.0430867 0.0413364 0.0525314 0.0500140 0.0474383 
_9_type0_   0.0397363 0.0389113 0.0389114 0.0278270 0.0203554 0.0228323 0.0236739 0.0113091 0.0000000 0.0113090 0.0295645 0.0363492 0.0354829 0.0320008 0.0261481 0.0328186 0.0387482 0.0430321 0.0447601 0.0631212 0.0508397 0.0455864 0.0560490 0.0579252 0.0580301 0.0484103 0.0613366 0.0596679 0.0676342 0.0509638 0.0448425 0.0578545 0.0544198 0.0588688 0.0509951 0.0676739 0.0422095 0.0490923 0.0526248 0.0526580 0.0509636 0.0500706 0.0587928 0.0561511 0.0517308 0.0569847 0.0570542 0.0587573 0.0535201 0.0534244 0.0508713 0.0560836 0.0543529 0.0517624 0.0499798 0.0587230 0.0587584 0.0534884 0.0482929 0.0517319 0.0447879 0.0456687 0.0614863 0.0423110 0.0509643 0.0544538 0.0535548 0.0517950 0.0595574 0.0534878 0.0509318 0.0447879 0.0586873 0.0542869 0.0516683 0.0543527 0.0465229 0.0525931 0.0570195 0.0596316 0.0596672 0.0649146 0.0595582 0.0684746 0.0631234 0.0649157 0.0561181 0.0630818 0.0500403 0.0571238 0.0569514 0.0551527 0.0525299 0.0551523 0.0622116 0.0622106 0.0569527 0.0551522 0.0623266 0.0507791 0.0585804 0.0473220 0.0624786 0.0578903 0.0543542 0.0577137 0.0507488 0.0569515 0.0508392 0.0517309 0.0569853 0.0543209 0.0516702 0.0578555 0.0534901 0.0517008 0.0630839 0.0605411 0.0579262 
_10_type0_  0.0328989 0.0320787 0.0320788 0.0211436 0.0137539 0.0162051 0.0170341 0.0048162 0.0113090 0.0000000 0.0228462 0.0295479 0.0286949 0.0252737 0.0194861 0.0260868 0.0319450 0.0361752 0.0378806 0.0560161 0.0438838 0.0387022 0.0490330 0.0508721 0.0509635 0.0414599 0.0542549 0.0525958 0.0604670 0.0439901 0.0379507 0.0508105 0.0474087 0.0517970 0.0440168 0.0605022 0.0353569 0.0421591 0.0456416 0.0456701 0.0439899 0.0431107 0.0517307 0.0491215 0.0447613 0.0499502 0.0500107 0.0516996 0.0465231 0.0464406 0.0439108 0.0490630 0.0473509 0.0447884 0.0430331 0.0516697 0.0517006 0.0464958 0.0413602 0.0447622 0.0379049 0.0387722 0.0543863 0.0354421 0.0439904 0.0474381 0.0465531 0.0448163 0.0524992 0.0464952 0.0439626 0.0379049 0.0516385 0.0472939 0.0447077 0.0473508 0.0396173 0.0456142 0.0499805 0.0525640 0.0525951 0.0577855 0.0524999 0.0613023 0.0560180 0.0577865 0.0490930 0.0559813 0.0430848 0.0500712 0.0499213 0.0481502 0.0455599 0.0481498 0.0551202 0.0551194 0.0499225 0.0498616 0.0552213 0.0438319 0.0515452 0.0404149 0.0553549 0.0508417 0.0473520 0.0506878 0.0438050 0.0499214 0.0438833 0.0447613 0.0499508 0.0473233 0.0447092 0.0508114 0.0464972 0.0447355 0.0559832 0.0534594 0.0508730 
_11_type0_  0.0329581 0.0321364 0.0321365 0.0228335 0.0154145 0.0178751 0.0220321 0.0195427 0.0295645 0.0228462 0.0000000 0.0212178 0.0203792 0.0219808 0.0162150 0.0261329 0.0320017 0.0362410 0.0379498 0.0561190 0.0439634 0.0387727 0.0491224 0.0509652 0.0510570 0.0415353 0.0543544 0.0526922 0.0605787 0.0440701 0.0380193 0.0509034 0.0474952 0.0518920 0.0440969 0.0606140 0.0354214 0.0422355 0.0457246 0.0457533 0.0440699 0.0431891 0.0518255 0.0492113 0.0448426 0.0500415 0.0501022 0.0517943 0.0466079 0.0465251 0.0439906 0.0491525 0.0474372 0.0448699 0.0431112 0.0517643 0.0517953 0.0465805 0.0414352 0.0456980 0.0379733 0.0388422 0.0544863 0.0355061 0.0440704 0.0475247 0.0466379 0.0448979 0.0525953 0.0465799 0.0440426 0.0379732 0.0517329 0.0473800 0.0447888 0.0474371 0.0396889 0.0456972 0.0500719 0.0517973 0.0518280 0.0570229 0.0517341 0.0605424 0.0552543 0.0570239 0.0491826 0.0560842 0.0431631 0.0501629 0.0500125 0.0482379 0.0456427 0.0482375 0.0552214 0.0552206 0.0500136 0.0499526 0.0553229 0.0439113 0.0516393 0.0404888 0.0554569 0.0509347 0.0474383 0.0507803 0.0438853 0.0500126 0.0439629 0.0448427 0.0500421 0.0474095 0.0447904 0.0509043 0.0465819 0.0448168 0.0560860 0.0535575 0.0509661 
_12_type0_  0.0397856 0.0389596 0.0389597 0.0295311 0.0220329 0.0245178 0.0287298 0.0262111 0.0363492 0.0295479 0.0212178 0.0000000 0.0056317 0.0286609 0.0228338 0.0328596 0.0387961 0.0430855 0.0448157 0.0632012 0.0509034 0.0456431 0.0561195 0.0579983 0.0581035 0.0484710 0.0614141 0.0597433 0.0677204 0.0510278 0.0448984 0.0579274 0.0544882 0.0589433 0.0510591 0.0677602 0.0422619 0.0491536 0.0526909 0.0527242 0.0510276 0.0501334 0.0588671 0.0562218 0.0517957 0.0570565 0.0571262 0.0588315 0.0535873 0.0534914 0.0509350 0.0561542 0.0544212 0.0518273 0.0500423 0.0587971 0.0588326 0.0535556 0.0483532 0.0526600 0.0448437 0.0457256 0.0615642 0.0423636 0.0510282 0.0545223 0.0536222 0.0518600 0.0596326 0.0535549 0.0509957 0.0448436 0.0587613 0.0543551 0.0517330 0.0544211 0.0465810 0.0526590 0.0570914 0.0588350 0.0588701 0.0641190 0.0587626 0.0676795 0.0623277 0.0641201 0.0561888 0.0631616 0.0501030 0.0571959 0.0570231 0.0552220 0.0525958 0.0552216 0.0622903 0.0622894 0.0570244 0.0569543 0.0624057 0.0508426 0.0586541 0.0473809 0.0625580 0.0579633 0.0544225 0.0577863 0.0508122 0.0570232 0.0509028 0.0517957 0.0570571 0.0543892 0.0517349 0.0579285 0.0535572 0.0517656 0.0631638 0.0606177 0.0579993 
_13_type0_  0.0389126 0.0380875 0.0380876 0.0286777 0.0211934 0.0236743 0.0278776 0.0253636 0.0354829 0.0286949 0.0203792 0.0056317 0.0000000 0.0278111 0.0219939 0.0320013 0.0379278 0.0422091 0.0439359 0.0622865 0.0500117 0.0447624 0.0552185 0.0570920 0.0571954 0.0475808 0.0605030 0.0588340 0.0667963 0.0501338 0.0440169 0.0570223 0.0535884 0.0580342 0.0501646 0.0668355 0.0413863 0.0482655 0.0517952 0.0518278 0.0501336 0.0492415 0.0579593 0.0553191 0.0509020 0.0561528 0.0562213 0.0579243 0.0526896 0.0525954 0.0500428 0.0552526 0.0535225 0.0509331 0.0491521 0.0578905 0.0579254 0.0526584 0.0474654 0.0517648 0.0439633 0.0448432 0.0606507 0.0414858 0.0501342 0.0536219 0.0527238 0.0509651 0.0587251 0.0526578 0.0501023 0.0439632 0.0578552 0.0534576 0.0508405 0.0535224 0.0456971 0.0517639 0.0561871 0.0579277 0.0579623 0.0632022 0.0578565 0.0667560 0.0614145 0.0632032 0.0552866 0.0622476 0.0492117 0.0562899 0.0561200 0.0543230 0.0517018 0.0543226 0.0613777 0.0613768 0.0561213 0.0560524 0.0614912 0.0499521 0.0577499 0.0464968 0.0616411 0.0570575 0.0535238 0.0568835 0.0499223 0.0561201 0.0500112 0.0509020 0.0561534 0.0534911 0.0508423 0.0570233 0.0526600 0.0508725 0.0622497 0.0597069 0.0570930 
_14_type1_  0.0354004 0.0345796 0.0345797 0.0252596 0.0178341 0.0202963 0.0244606 0.0219680 0.0320008 0.0252737 0.0219808 0.0286609 0.0278111 0.0000000 0.0104783 0.0285597 0.0344353 0.0386790 0.0403901 0.0585812 0.0464125 0.0412123 0.0515761 0.0534259 0.0535220 0.0439901 0.0568141 0.0551539 0.0630480 0.0465251 0.0404647 0.0533611 0.0499523 0.0543562 0.0465534 0.0630847 0.0378602 0.0446821 0.0481777 0.0482079 0.0465249 0.0456420 0.0542865 0.0516694 0.0472937 0.0524986 0.0525623 0.0542539 0.0473507 0.0489758 0.0464412 0.0516077 0.0498913 0.0473224 0.0455597 0.0542225 0.0542550 0.0490341 0.0438841 0.0481496 0.0404149 0.0412867 0.0569519 0.0379514 0.0465255 0.0499833 0.0490946 0.0473520 0.0550525 0.0490335 0.0464961 0.0404149 0.0541896 0.0498312 0.0472370 0.0498912 0.0421340 0.0481488 0.0525305 0.0542571 0.0542892 0.0594872 0.0541908 0.0630102 0.0577161 0.0594882 0.0516393 0.0585448 0.0456146 0.0526259 0.0524682 0.0506897 0.0480914 0.0506892 0.0576817 0.0568152 0.0524694 0.0524054 0.0577877 0.0463566 0.0540916 0.0429308 0.0579276 0.0533939 0.0498925 0.0532321 0.0463294 0.0524683 0.0464120 0.0472937 0.0524992 0.0498622 0.0472386 0.0533620 0.0490356 0.0472664 0.0585468 0.0560198 0.0534268 
_15_type0_  0.0295139 0.0286961 0.0286962 0.0194752 0.0121098 0.0145534 0.0186758 0.0162056 0.0261481 0.0194861 0.0162150 0.0228338 0.0219939 0.0104783 0.0000000 0.0227535 0.0285771 0.0327813 0.0344758 0.0524996 0.0404405 0.0352948 0.0455603 0.0473811 0.0474659 0.0380195 0.0507499 0.0490955 0.0569200 0.0405381 0.0345390 0.0473240 0.0439384 0.0482968 0.0405626 0.0569529 0.0319653 0.0387262 0.0421849 0.0422112 0.0405379 0.0396656 0.0482353 0.0456422 0.0413114 0.0464685 0.0465245 0.0482064 0.0413609 0.0429837 0.0404654 0.0455880 0.0438851 0.0413363 0.0395944 0.0481787 0.0482074 0.0430346 0.0379284 0.0421604 0.0344968 0.0353573 0.0508723 0.0320417 0.0405384 0.0439655 0.0430873 0.0413620 0.0490057 0.0430340 0.0405129 0.0344968 0.0481496 0.0438324 0.0412612 0.0438850 0.0361979 0.0421597 0.0464965 0.0482092 0.0482376 0.0533946 0.0481507 0.0568860 0.0516410 0.0533955 0.0456157 0.0524671 0.0396418 0.0465805 0.0464416 0.0446840 0.0421088 0.0446836 0.0516105 0.0507508 0.0464427 0.0463864 0.0517047 0.0403922 0.0480621 0.0369965 0.0518293 0.0473529 0.0438861 0.0472093 0.0403686 0.0464417 0.0404401 0.0413114 0.0464689 0.0438596 0.0412626 0.0473248 0.0430358 0.0412877 0.0524689 0.0499545 0.0473820 
_16_type0_  0.0344965 0.0336774 0.0336775 0.0260722 0.0186432 0.0211064 0.0252738 0.0227797 0.0328186 0.0260868 0.0261329 0.0328596 0.0320013 0.0285597 0.0227535 0.0000000 0.0137374 0.0360897 0.0377910 0.0558800 0.0437778 0.0386105 0.0489139 0.0507490 0.0508399 0.0413604 0.0541234 0.0524683 0.0603193 0.0438843 0.0378594 0.0506877 0.0472944 0.0516714 0.0439109 0.0603543 0.0352735 0.0420577 0.0455318 0.0455602 0.0438841 0.0430072 0.0516054 0.0490029 0.0446529 0.0498296 0.0498898 0.0515745 0.0464110 0.0463283 0.0438045 0.0489446 0.0472368 0.0446808 0.0429293 0.0515447 0.0515755 0.0463839 0.0412602 0.0455044 0.0378142 0.0386791 0.0542541 0.0353568 0.0438846 0.0473236 0.0464409 0.0447086 0.0523722 0.0463833 0.0438570 0.0378141 0.0515136 0.0471795 0.0445999 0.0472367 0.0395222 0.0455037 0.0498597 0.0524367 0.0524677 0.0576448 0.0523729 0.0611526 0.0558819 0.0576458 0.0489745 0.0558454 0.0429814 0.0499499 0.0498008 0.0480336 0.0454500 0.0480332 0.0549865 0.0549857 0.0498019 0.0497408 0.0550871 0.0437265 0.0514204 0.0403191 0.0552200 0.0507187 0.0472380 0.0505652 0.0437008 0.0498009 0.0437773 0.0446529 0.0498301 0.0472085 0.0446015 0.0506886 0.0463853 0.0446274 0.0558473 0.0533298 0.0507498 
_17_type0_  0.0404406 0.0396182 0.0396183 0.0319270 0.0244325 0.0269161 0.0311286 0.0286101 0.0387482 0.0319450 0.0320017 0.0387961 0.0379278 0.0344353 0.0285771 0.0137374 0.0000000 0.0420322 0.0437513 0.0620204 0.0498007 0.0445744 0.0549844 0.0568489 0.0569514 0.0473798 0.0602451 0.0585832 0.0665093 0.0499217 0.0438320 0.0567798 0.0533610 0.0577867 0.0499522 0.0665482 0.0412126 0.0480613 0.0515760 0.0516084 0.0499215 0.0490334 0.0577124 0.0550840 0.0506869 0.0559143 0.0559822 0.0576777 0.0524663 0.0523730 0.0498315 0.0550181 0.0532958 0.0507177 0.0489448 0.0576442 0.0576788 0.0524355 0.0472654 0.0515459 0.0437782 0.0446539 0.0603915 0.0413118 0.0499221 0.0533942 0.0525003 0.0507495 0.0584752 0.0524348 0.0498905 0.0437782 0.0576092 0.0532314 0.0506251 0.0532956 0.0455042 0.0515450 0.0559483 0.0585477 0.0585825 0.0638043 0.0584760 0.0673462 0.0620225 0.0638054 0.0550519 0.0619818 0.0490039 0.0560501 0.0558817 0.0540930 0.0514825 0.0540925 0.0611158 0.0611149 0.0558830 0.0558147 0.0612283 0.0497409 0.0575040 0.0463010 0.0613769 0.0568148 0.0532970 0.0566414 0.0497116 0.0558818 0.0498001 0.0506870 0.0559149 0.0532646 0.0506268 0.0567808 0.0524370 0.0506576 0.0619839 0.0594522 0.0568499 
_18_type1_  0.0438842 0.0430594 0.0430595 0.0361548 0.0286106 0.0311097 0.0353561 0.0328193 0.0430321 0.0361752 0.0362410 0.0430855 0.0422091 0.0386790 0.0327813 0.0360897 0.0420322 0.0000000 0.0016004 0.0320214 0.0203320 0.0153696 0.0286267 0.0405132 0.0405852 0.0312403 0.0438581 0.0422111 0.0499528 0.0337390 0.0278116 0.0404647 0.0371071 0.0414119 0.0337592 0.0499815 0.0252745 0.0319644 0.0353784 0.0354003 0.0337389 0.0328789 0.0413595 0.0387949 0.0345162 0.0396174 0.0388186 0.0413350 0.0362410 0.0361767 0.0336780 0.0387492 0.0370624 0.0345378 0.0328196 0.0413113 0.0413358 0.0362199 0.0311651 0.0353571 0.0277787 0.0286272 0.0439632 0.0253337 0.0337392 0.0371299 0.0362641 0.0345591 0.0421344 0.0362195 0.0337182 0.0277786 0.0412866 0.0370175 0.0344757 0.0370623 0.0294600 0.0353565 0.0396412 0.0421859 0.0422106 0.0473237 0.0421350 0.0507817 0.0455886 0.0473245 0.0387726 0.0455591 0.0328593 0.0397122 0.0395947 0.0378609 0.0353152 0.0378605 0.0447103 0.0447096 0.0395956 0.0395472 0.0447913 0.0336186 0.0412123 0.0302587 0.0448985 0.0404892 0.0370633 0.0403676 0.0335991 0.0395948 0.0336573 0.0345162 0.0396178 0.0370401 0.0344769 0.0404654 0.0362210 0.0344968 0.0455607 0.0430618 0.0405139 
_19_type1_  0.0456146 0.0447885 0.0447887 0.0378592 0.0302940 0.0327997 0.0370615 0.0345157 0.0447601 0.0378806 0.0379498 0.0448157 0.0439359 0.0403901 0.0344758 0.0377910 0.0437513 0.0016004 0.0000000 0.0337180 0.0219936 0.0170145 0.0303111 0.0422355 0.0423107 0.0329378 0.0455874 0.0439381 0.0517027 0.0354422 0.0294949 0.0421849 0.0388193 0.0431388 0.0354635 0.0517325 0.0269482 0.0336577 0.0370839 0.0354213 0.0354421 0.0345787 0.0430841 0.0405116 0.0362193 0.0413353 0.0405364 0.0430584 0.0379498 0.0378822 0.0353789 0.0404638 0.0387724 0.0362411 0.0345161 0.0430338 0.0430593 0.0379277 0.0328593 0.0370625 0.0294599 0.0303116 0.0456968 0.0270113 0.0354424 0.0388432 0.0379740 0.0362635 0.0438581 0.0379272 0.0354203 0.0294599 0.0430079 0.0387253 0.0361756 0.0387723 0.0311467 0.0370619 0.0413601 0.0439118 0.0439375 0.0490644 0.0438587 0.0525328 0.0473236 0.0490653 0.0404883 0.0472930 0.0345581 0.0414344 0.0413115 0.0395709 0.0370175 0.0395705 0.0464419 0.0464412 0.0413125 0.0412617 0.0465263 0.0353153 0.0429303 0.0319456 0.0466378 0.0422105 0.0387734 0.0420833 0.0352948 0.0413116 0.0353561 0.0362193 0.0413357 0.0387500 0.0361769 0.0421856 0.0379289 0.0361978 0.0472946 0.0447911 0.0422363 
_20_type1_  0.0648760 0.0640384 0.0640387 0.0559835 0.0482078 0.0507790 0.0551854 0.0525622 0.0631212 0.0560161 0.0561190 0.0632012 0.0622865 0.0585812 0.0524996 0.0558800 0.0620204 0.0320214 0.0337180 0.0000000 0.0145703 0.0311475 0.0482357 0.0605414 0.0606513 0.0509962 0.0639606 0.0622897 0.0702848 0.0535563 0.0474095 0.0604673 0.0570233 0.0614913 0.0535892 0.0703262 0.0447636 0.0516711 0.0552195 0.0552544 0.0535561 0.0526587 0.0614117 0.0587600 0.0543211 0.0595947 0.0587965 0.0605019 0.0561190 0.0560185 0.0534589 0.0586892 0.0569530 0.0543543 0.0525629 0.0613386 0.0613757 0.0560858 0.0508722 0.0551870 0.0473516 0.0482367 0.0641170 0.0448715 0.0535568 0.0570590 0.0561556 0.0543885 0.0621742 0.0560851 0.0535226 0.0473516 0.0613012 0.0568838 0.0542553 0.0569529 0.0490936 0.0551861 0.0596312 0.0622517 0.0622890 0.0675532 0.0621750 0.0711263 0.0657547 0.0675544 0.0587255 0.0657113 0.0526267 0.0597405 0.0595598 0.0577524 0.0551197 0.0577519 0.0648384 0.0648375 0.0595612 0.0594879 0.0649586 0.0533618 0.0611893 0.0498922 0.0651173 0.0605048 0.0569544 0.0603199 0.0533299 0.0595599 0.0534250 0.0543211 0.0595954 0.0569195 0.0542572 0.0604684 0.0560875 0.0542895 0.0657135 0.0631658 0.0605425 
_21_type1_  0.0525640 0.0517335 0.0517337 0.0438586 0.0362208 0.0387491 0.0430598 0.0404882 0.0508397 0.0438838 0.0439634 0.0509034 0.0500117 0.0464125 0.0404405 0.0437778 0.0498007 0.0203320 0.0219936 0.0145703 0.0000000 0.0194865 0.0362416 0.0482959 0.0483825 0.0389128 0.0516714 0.0500142 0.0578580 0.0414366 0.0354218 0.0482376 0.0448447 0.0492148 0.0414617 0.0578915 0.0328403 0.0396188 0.0430861 0.0431130 0.0414365 0.0405616 0.0491520 0.0465524 0.0422101 0.0473800 0.0465810 0.0491225 0.0439634 0.0438856 0.0413621 0.0464970 0.0447902 0.0422356 0.0404887 0.0490942 0.0491235 0.0439377 0.0388194 0.0430611 0.0353791 0.0362422 0.0517962 0.0329194 0.0414369 0.0448725 0.0439917 0.0422619 0.0499226 0.0439372 0.0414108 0.0353791 0.0490645 0.0447364 0.0421596 0.0447901 0.0370848 0.0430603 0.0474087 0.0499841 0.0500136 0.0551879 0.0499232 0.0586922 0.0534274 0.0551889 0.0465253 0.0533925 0.0405372 0.0474945 0.0473526 0.0455899 0.0430092 0.0455895 0.0525339 0.0525331 0.0473537 0.0472961 0.0526301 0.0412879 0.0489761 0.0378829 0.0527571 0.0482671 0.0447913 0.0481214 0.0412626 0.0473527 0.0413363 0.0422101 0.0473805 0.0447641 0.0421611 0.0482384 0.0439390 0.0421858 0.0533943 0.0508752 0.0482967 
_22_type1_  0.0472954 0.0464691 0.0464692 0.0386803 0.0311112 0.0336180 0.0378821 0.0353358 0.0455864 0.0387022 0.0387727 0.0456431 0.0447624 0.0412123 0.0352948 0.0386105 0.0445744 0.0153696 0.0170145 0.0311475 0.0194865 0.0000000 0.0311288 0.0430613 0.0431380 0.0337594 0.0464137 0.0447646 0.0525337 0.0362645 0.0303127 0.0430097 0.0396431 0.0439659 0.0362863 0.0525639 0.0277635 0.0344770 0.0379059 0.0379295 0.0362643 0.0354001 0.0439102 0.0413361 0.0370396 0.0421597 0.0413614 0.0438841 0.0387727 0.0387038 0.0361988 0.0412873 0.0395952 0.0370627 0.0353362 0.0438589 0.0438849 0.0387501 0.0336781 0.0378831 0.0302767 0.0311294 0.0465251 0.0278286 0.0362647 0.0396675 0.0387974 0.0370856 0.0446831 0.0387496 0.0362421 0.0302767 0.0404406 0.0395473 0.0369960 0.0395951 0.0319647 0.0378825 0.0421850 0.0447378 0.0447641 0.0498932 0.0446837 0.0533637 0.0481512 0.0498941 0.0413123 0.0481200 0.0353790 0.0422608 0.0421354 0.0403933 0.0378382 0.0387042 0.0455627 0.0455620 0.0404421 0.0403926 0.0456453 0.0361348 0.0437536 0.0327631 0.0474680 0.0430358 0.0395962 0.0429062 0.0361138 0.0421355 0.0361765 0.0370396 0.0421601 0.0395714 0.0369973 0.0430104 0.0387513 0.0370186 0.0481216 0.0456180 0.0430621 
_23_type0_  0.0577854 0.0569523 0.0569525 0.0490047 0.0413118 0.0438572 0.0482066 0.0456142 0.0560490 0.0490330 0.0491224 0.0561195 0.0552185 0.0515761 0.0455603 0.0489139 0.0549844 0.0286267 0.0303111 0.0482357 0.0362416 0.0311288 0.0000000 0.0534911 0.0535874 0.0440434 0.0568836 0.0552213 0.0631256 0.0465815 0.0405134 0.0534261 0.0500131 0.0544227 0.0466099 0.0631625 0.0379063 0.0447360 0.0482361 0.0482664 0.0465813 0.0456973 0.0543528 0.0517323 0.0473510 0.0525626 0.0526264 0.0543201 0.0491225 0.0490351 0.0464974 0.0516704 0.0499519 0.0473798 0.0456148 0.0542886 0.0543212 0.0490936 0.0439371 0.0482080 0.0404644 0.0413364 0.0570217 0.0379970 0.0465819 0.0500441 0.0491542 0.0474094 0.0551197 0.0490930 0.0465524 0.0404643 0.0542557 0.0498916 0.0472941 0.0499518 0.0421847 0.0482071 0.0525945 0.0551879 0.0552207 0.0604308 0.0551204 0.0639626 0.0586549 0.0604318 0.0517021 0.0586165 0.0456698 0.0526902 0.0525320 0.0507512 0.0481496 0.0507508 0.0577522 0.0577514 0.0525333 0.0524691 0.0578585 0.0464136 0.0541574 0.0429832 0.0579988 0.0534590 0.0499531 0.0532968 0.0463860 0.0525321 0.0464682 0.0473510 0.0525631 0.0499227 0.0472958 0.0534271 0.0490951 0.0473236 0.0586185 0.0560883 0.0534920 
_24_type0_  0.0596698 0.0588339 0.0588341 0.0508426 0.0431132 0.0456702 0.0500429 0.0474375 0.0579252 0.0508721 0.0509652 0.0579983 0.0570920 0.0534259 0.0473811 0.0507490 0.0568489 0.0405132 0.0422355 0.0605414 0.0482959 0.0430613 0.0534911 0.0000000 0.0211442 0.0121098 0.0362209 0.0345811 0.0422374 0.0261965 0.0203446 0.0328608 0.0295317 0.0337807 0.0262121 0.0615658 0.0363083 0.0431392 0.0466380 0.0466673 0.0449806 0.0440971 0.0527548 0.0501339 0.0457534 0.0509656 0.0510275 0.0527230 0.0475239 0.0474393 0.0448994 0.0500739 0.0483546 0.0457813 0.0440174 0.0526924 0.0527240 0.0474959 0.0423380 0.0466108 0.0388666 0.0397380 0.0554230 0.0363953 0.0449811 0.0484440 0.0475546 0.0458099 0.0535248 0.0474953 0.0449526 0.0388665 0.0526604 0.0482962 0.0456984 0.0483545 0.0405867 0.0466100 0.0509966 0.0535911 0.0536230 0.0588356 0.0535255 0.0623682 0.0570598 0.0588366 0.0501046 0.0570224 0.0440705 0.0510894 0.0509359 0.0491561 0.0465543 0.0491557 0.0561577 0.0561568 0.0509371 0.0508748 0.0562610 0.0448184 0.0525649 0.0413874 0.0563976 0.0518614 0.0483558 0.0517039 0.0447918 0.0509360 0.0448712 0.0457535 0.0509661 0.0483263 0.0457000 0.0518304 0.0474973 0.0457270 0.0570243 0.0544910 0.0518935 
_25_type1_  0.0597781 0.0589406 0.0589408 0.0509339 0.0431901 0.0457518 0.0501328 0.0475224 0.0580301 0.0509635 0.0510570 0.0581035 0.0571954 0.0535220 0.0474659 0.0508399 0.0569514 0.0405852 0.0423107 0.0606513 0.0483825 0.0431380 0.0535874 0.0211442 0.0000000 0.0104904 0.0362850 0.0346422 0.0423126 0.0262425 0.0203796 0.0329188 0.0295836 0.0338404 0.0262581 0.0616780 0.0363726 0.0432162 0.0467216 0.0467510 0.0450612 0.0441760 0.0528500 0.0502241 0.0458353 0.0510573 0.0511194 0.0528181 0.0476091 0.0475243 0.0449797 0.0501639 0.0467223 0.0458633 0.0440960 0.0527874 0.0528191 0.0475811 0.0424136 0.0466943 0.0389356 0.0398087 0.0555234 0.0364599 0.0450617 0.0485311 0.0476400 0.0458920 0.0536213 0.0475805 0.0450331 0.0389356 0.0527553 0.0483828 0.0457801 0.0484413 0.0406590 0.0466935 0.0510884 0.0536878 0.0537198 0.0589423 0.0536220 0.0624818 0.0571631 0.0589433 0.0501948 0.0571256 0.0441493 0.0511816 0.0510275 0.0492443 0.0466376 0.0492439 0.0562592 0.0562583 0.0510287 0.0509662 0.0563629 0.0448984 0.0526594 0.0414611 0.0565000 0.0519549 0.0484426 0.0517968 0.0448717 0.0510276 0.0449514 0.0458354 0.0510578 0.0484130 0.0457817 0.0519238 0.0475825 0.0458088 0.0571275 0.0545895 0.0519871 
_26_type1_  0.0501345 0.0493026 0.0493027 0.0414361 0.0337998 0.0363281 0.0406346 0.0380643 0.0484103 0.0414599 0.0415353 0.0484710 0.0475808 0.0439901 0.0380195 0.0413604 0.0473798 0.0312403 0.0329378 0.0509962 0.0389128 0.0337594 0.0440434 0.0121098 0.0104904 0.0000000 0.0270115 0.0253800 0.0329393 0.0170941 0.0113294 0.0236891 0.0203918 0.0245779 0.0171041 0.0519860 0.0270771 0.0338200 0.0372628 0.0372860 0.0356130 0.0347453 0.0432933 0.0407078 0.0363938 0.0415355 0.0415856 0.0432674 0.0381331 0.0380658 0.0355492 0.0406595 0.0389597 0.0364158 0.0346830 0.0432425 0.0432683 0.0381108 0.0330171 0.0372412 0.0296013 0.0304574 0.0459195 0.0271414 0.0356134 0.0390312 0.0381576 0.0364384 0.0440709 0.0381103 0.0355910 0.0296012 0.0432164 0.0389130 0.0363504 0.0389596 0.0312965 0.0372405 0.0415606 0.0441251 0.0441511 0.0493039 0.0440715 0.0527902 0.0475542 0.0493048 0.0406843 0.0475232 0.0347245 0.0416356 0.0415115 0.0397629 0.0371964 0.0397625 0.0466678 0.0466671 0.0415125 0.0414621 0.0467531 0.0354856 0.0431387 0.0320989 0.0468657 0.0424153 0.0389607 0.0422874 0.0354647 0.0415116 0.0355270 0.0363938 0.0415359 0.0389371 0.0363517 0.0423901 0.0381120 0.0363729 0.0475248 0.0450090 0.0424413 
_27_type1_  0.0630865 0.0622501 0.0622504 0.0542234 0.0464696 0.0490340 0.0534254 0.0508103 0.0613366 0.0542549 0.0543544 0.0614141 0.0605030 0.0568141 0.0507499 0.0541234 0.0602451 0.0438581 0.0455874 0.0639606 0.0516714 0.0464137 0.0568836 0.0362209 0.0362850 0.0270115 0.0000000 0.0344975 0.0421355 0.0261338 0.0202968 0.0327820 0.0294608 0.0336997 0.0261492 0.0649962 0.0396431 0.0464977 0.0500126 0.0500441 0.0483544 0.0474663 0.0561532 0.0517961 0.0474091 0.0526274 0.0526914 0.0543873 0.0491829 0.0508123 0.0482671 0.0534586 0.0517343 0.0491534 0.0456703 0.0560867 0.0561204 0.0508730 0.0456982 0.0499834 0.0422107 0.0430867 0.0588333 0.0397382 0.0483550 0.0518300 0.0509360 0.0491842 0.0569195 0.0508724 0.0483243 0.0422107 0.0560526 0.0516717 0.0490643 0.0517341 0.0439378 0.0499825 0.0543879 0.0569902 0.0570241 0.0622519 0.0569203 0.0657970 0.0587274 0.0622530 0.0534914 0.0604292 0.0474377 0.0544871 0.0534595 0.0525342 0.0499227 0.0525337 0.0595622 0.0595613 0.0543244 0.0542578 0.0596720 0.0481798 0.0559508 0.0447369 0.0598171 0.0552554 0.0517355 0.0550873 0.0481512 0.0543232 0.0482367 0.0491235 0.0543554 0.0517039 0.0490660 0.0552223 0.0508746 0.0490950 0.0604313 0.0578947 0.0552896 
_28_type0_  0.0596707 0.0588347 0.0588349 0.0525652 0.0448186 0.0473810 0.0517659 0.0491539 0.0596679 0.0525958 0.0526922 0.0597433 0.0588340 0.0551539 0.0490955 0.0524683 0.0585832 0.0422111 0.0439381 0.0622897 0.0500142 0.0447646 0.0552213 0.0345811 0.0346422 0.0253800 0.0344975 0.0000000 0.0219824 0.0211940 0.0153971 0.0278126 0.0245047 0.0287144 0.0245190 0.0633206 0.0379985 0.0448457 0.0483549 0.0483853 0.0466960 0.0458096 0.0544876 0.0518602 0.0474674 0.0526926 0.0527567 0.0544547 0.0492436 0.0491558 0.0466116 0.0517980 0.0500751 0.0474963 0.0457267 0.0544230 0.0544558 0.0492146 0.0440449 0.0483266 0.0405631 0.0414374 0.0571636 0.0380897 0.0466966 0.0501678 0.0492755 0.0475261 0.0552562 0.0492139 0.0466669 0.0405631 0.0543900 0.0500145 0.0474102 0.0500750 0.0422879 0.0483258 0.0527247 0.0553248 0.0553577 0.0605814 0.0552569 0.0641226 0.0588008 0.0605824 0.0518299 0.0587622 0.0457820 0.0528208 0.0526619 0.0508763 0.0482679 0.0508759 0.0578957 0.0578948 0.0509381 0.0525986 0.0580025 0.0465274 0.0542912 0.0430882 0.0581435 0.0535914 0.0500763 0.0534284 0.0464997 0.0526619 0.0465823 0.0474675 0.0526931 0.0500457 0.0474119 0.0535593 0.0492160 0.0474399 0.0587642 0.0562276 0.0536246 
_29_type0_  0.0676374 0.0667972 0.0667974 0.0604316 0.0525974 0.0551870 0.0596330 0.0569882 0.0676342 0.0604670 0.0605787 0.0677204 0.0667963 0.0630480 0.0569200 0.0603193 0.0665093 0.0499528 0.0517027 0.0702848 0.0578580 0.0525337 0.0631256 0.0422374 0.0423126 0.0329393 0.0421355 0.0219824 0.0000000 0.0286968 0.0228210 0.0353802 0.0320423 0.0363089 0.0320613 0.0713463 0.0457003 0.0526295 0.0561901 0.0562257 0.0545230 0.0536223 0.0624028 0.0597425 0.0552885 0.0605792 0.0606534 0.0623649 0.0570930 0.0569905 0.0544237 0.0596703 0.0579289 0.0553224 0.0535245 0.0623284 0.0623661 0.0570591 0.0518293 0.0561570 0.0482966 0.0491848 0.0642379 0.0458108 0.0545237 0.0580370 0.0571303 0.0553573 0.0631659 0.0553223 0.0544888 0.0482965 0.0622902 0.0578583 0.0552214 0.0579288 0.0500443 0.0561561 0.0606164 0.0632448 0.0632828 0.0685631 0.0631667 0.0721477 0.0667584 0.0685642 0.0597073 0.0667142 0.0535897 0.0607277 0.0605436 0.0587295 0.0560883 0.0587291 0.0658388 0.0658378 0.0605450 0.0604703 0.0659612 0.0543246 0.0621762 0.0508441 0.0661227 0.0614926 0.0579303 0.0613042 0.0542921 0.0605437 0.0543892 0.0552885 0.0605798 0.0578947 0.0552233 0.0614555 0.0570609 0.0552562 0.0667165 0.0623316 0.0615310 
_30_type0_  0.0526925 0.0518600 0.0518601 0.0439647 0.0363079 0.0388425 0.0431641 0.0405860 0.0509638 0.0439901 0.0440701 0.0510278 0.0501338 0.0465251 0.0405381 0.0438843 0.0499217 0.0337390 0.0354422 0.0535563 0.0414366 0.0362645 0.0465815 0.0261965 0.0262425 0.0170941 0.0261338 0.0211940 0.0286968 0.0000000 0.0072523 0.0195208 0.0162437 0.0203922 0.0162531 0.0545548 0.0295670 0.0363296 0.0397854 0.0398103 0.0381345 0.0372631 0.0458356 0.0432421 0.0389128 0.0440704 0.0441236 0.0458081 0.0406594 0.0405875 0.0380662 0.0431907 0.0414867 0.0389363 0.0371962 0.0457817 0.0458090 0.0406356 0.0355277 0.0397623 0.0320989 0.0329586 0.0484715 0.0296374 0.0381350 0.0415628 0.0406855 0.0389605 0.0466106 0.0406351 0.0381110 0.0320988 0.0457540 0.0414368 0.0388663 0.0414866 0.0337998 0.0397617 0.0440970 0.0466680 0.0466956 0.0518614 0.0466113 0.0553580 0.0501058 0.0518623 0.0432170 0.0500731 0.0372408 0.0441768 0.0440449 0.0422889 0.0397144 0.0422885 0.0492157 0.0492149 0.0440459 0.0439924 0.0493057 0.0379979 0.0456716 0.0346013 0.0494247 0.0449539 0.0414877 0.0448182 0.0379755 0.0440450 0.0380424 0.0389128 0.0440708 0.0414625 0.0388677 0.0449272 0.0406368 0.0388904 0.0500748 0.0475557 0.0449815 
_31_type0_  0.0465540 0.0457260 0.0457262 0.0379290 0.0303494 0.0328598 0.0371292 0.0345795 0.0448425 0.0379507 0.0380193 0.0448984 0.0440169 0.0404647 0.0345390 0.0378594 0.0438320 0.0278116 0.0294949 0.0474095 0.0354218 0.0303127 0.0405134 0.0203446 0.0203796 0.0113294 0.0202968 0.0153971 0.0228210 0.0072523 0.0000000 0.0137462 0.0104967 0.0145963 0.0105028 0.0483835 0.0236757 0.0303675 0.0337796 0.0338005 0.0321375 0.0312781 0.0397605 0.0371957 0.0329189 0.0380195 0.0380651 0.0397369 0.0346416 0.0345808 0.0320802 0.0371519 0.0354643 0.0329386 0.0312223 0.0397141 0.0397377 0.0346215 0.0295663 0.0337601 0.0261799 0.0270288 0.0423634 0.0237324 0.0321378 0.0355289 0.0346637 0.0329590 0.0405385 0.0346210 0.0321177 0.0261798 0.0396903 0.0354220 0.0328798 0.0354642 0.0278620 0.0337595 0.0380423 0.0405881 0.0406119 0.0457273 0.0405391 0.0491859 0.0439924 0.0457281 0.0371743 0.0439639 0.0312594 0.0381106 0.0379977 0.0362656 0.0337197 0.0362653 0.0431145 0.0431139 0.0379985 0.0379527 0.0431928 0.0320231 0.0396194 0.0286619 0.0432963 0.0388907 0.0354651 0.0387742 0.0320035 0.0379977 0.0320603 0.0329189 0.0380199 0.0354438 0.0328810 0.0388678 0.0346225 0.0329001 0.0439654 0.0414635 0.0389144 
_32_type0_  0.0595969 0.0587620 0.0587622 0.0507811 0.0430614 0.0456153 0.0499823 0.0473802 0.0578545 0.0508105 0.0509034 0.0579274 0.0570223 0.0533611 0.0473240 0.0506877 0.0567798 0.0404647 0.0421849 0.0604673 0.0482376 0.0430097 0.0534261 0.0328608 0.0329188 0.0236891 0.0327820 0.0278126 0.0353802 0.0195208 0.0137462 0.0000000 0.0129311 0.0170450 0.0228341 0.0614903 0.0362650 0.0430874 0.0465817 0.0466110 0.0449263 0.0440440 0.0526906 0.0500731 0.0456983 0.0509038 0.0509655 0.0526589 0.0474664 0.0473820 0.0448453 0.0500133 0.0482961 0.0457260 0.0439644 0.0526284 0.0526600 0.0474385 0.0422871 0.0465545 0.0388201 0.0396904 0.0553554 0.0363517 0.0449268 0.0483853 0.0474971 0.0457546 0.0534598 0.0474379 0.0448984 0.0388200 0.0508738 0.0482378 0.0456434 0.0482960 0.0405381 0.0465537 0.0509347 0.0535259 0.0535577 0.0587637 0.0534605 0.0622917 0.0569902 0.0587647 0.0500439 0.0569529 0.0440174 0.0510273 0.0508742 0.0490967 0.0464982 0.0490963 0.0560892 0.0560884 0.0508754 0.0508132 0.0561924 0.0447645 0.0525013 0.0413378 0.0563286 0.0517984 0.0482973 0.0516413 0.0447379 0.0508743 0.0448171 0.0456983 0.0509043 0.0482679 0.0456450 0.0517675 0.0474399 0.0456719 0.0569548 0.0544246 0.0518304 
_33_type0_  0.0561558 0.0553219 0.0553221 0.0473813 0.0396907 0.0422357 0.0465814 0.0439905 0.0544198 0.0474087 0.0474952 0.0544882 0.0535884 0.0499523 0.0439384 0.0472944 0.0533610 0.0371071 0.0388193 0.0570233 0.0448447 0.0396431 0.0500131 0.0295317 0.0295836 0.0203918 0.0294608 0.0245047 0.0320423 0.0162437 0.0104967 0.0129311 0.0000000 0.0137783 0.0195436 0.0580343 0.0329200 0.0397146 0.0431907 0.0432178 0.0415370 0.0406599 0.0492721 0.0466658 0.0423124 0.0474955 0.0475530 0.0492425 0.0440703 0.0439921 0.0414623 0.0466102 0.0448991 0.0423380 0.0405866 0.0492140 0.0492435 0.0440444 0.0389132 0.0431656 0.0354642 0.0363296 0.0519232 0.0329986 0.0415375 0.0449817 0.0440987 0.0423645 0.0500444 0.0440439 0.0415113 0.0354642 0.0491842 0.0448450 0.0422617 0.0448989 0.0371743 0.0431648 0.0475243 0.0501062 0.0501359 0.0553234 0.0500451 0.0588369 0.0535583 0.0553244 0.0466387 0.0535233 0.0406354 0.0476105 0.0474680 0.0457007 0.0431134 0.0457003 0.0526625 0.0526617 0.0474691 0.0474112 0.0527591 0.0413878 0.0490954 0.0379751 0.0528868 0.0483849 0.0449001 0.0482385 0.0413633 0.0474681 0.0414363 0.0423124 0.0474960 0.0448729 0.0422632 0.0483561 0.0440458 0.0422880 0.0535251 0.0509997 0.0484147 
